    "bkg_relaxed = [1.0, 0.8297311103461608, 0.3049560171826032, 0.17842735257116865, 0.17754348317002763, 0.025815312621608577, 0.007200755172030211, 0.005790975898395131, 0.005619715733099906, 0.0
05217703331244275, 0.0007323247018578496, 0.00036121324232588536, 0.00032791496393208276, 3.907307265381975e-06]"
   ]

##########################################################################################################################################################


    "bkg_strict = [1.0, 0.8297311103461608, 0.3049560171826032, 0.17842735257116865, 0.17754348317002763, 0.025815312621608577, 0.007200755172030211, 0.005790975898395131, 0.005619715733099906, 0.00
5217703331244275, 0.000589979488470155, 0.00024893238685464694, 0.00022727971329889317, 2.0313645792696806e-06]"
   ]

##########################################################################################################################################################

    "sig_arr_140_relaxed = [0.9926163551318125, 0.9705729493360097, 0.9389953224968189, 0.6751913116722522, 0.6727898349432786, 0.5166580046237388, 0.4859226867865015, 0.4679832971917059, 0.45594007
06105844, 0.43430885858169505, 0.3537877022885715, 0.3391817057653363, 0.31765802254520686, 0.09543181777451208]\n",
    "\n",
    "sig_arr_160_relaxed = [0.9931626392212607, 0.9674685571369451, 0.9283696493153643, 0.6675963078251795, 0.6649513287870883, 0.5085736905554457, 0.4786512406211203, 0.4614498803461864, 0.44957446
42567969, 0.43095165266207247, 0.3504327329650755, 0.3313421019486478, 0.31219749176817746, 0.10027529373661766]\n",
    "\n",
    "sig_arr_180_relaxed = [0.9928202295948559, 0.9635883072310546, 0.9188528147066946, 0.6600063118860705, 0.6576590792536195, 0.5041618998777072, 0.47382539745157604, 0.4553434060515208, 0.4448498
9545938697, 0.4272555130379897, 0.3454771391376386, 0.3220837113890095, 0.3056925322497929, 0.10199613396978185]\n",
    "\n",
    "sig_arr_200_relaxed = [0.9937535284369252, 0.9607182531733168, 0.9120941159330553, 0.6568993462147839, 0.6543861885596692, 0.5063466336435322, 0.4756241918741235, 0.45723079164466135, 0.4453752
4357596836, 0.42911256396714687, 0.34752599661270056, 0.3210103622225055, 0.3048387390504635, 0.10486059259529056]\n",
    "\n",
    "sig_arr_220_relaxed = [0.9939764517479209, 0.9552510418372733, 0.9035504358428418, 0.6542556095430475, 0.6513621226183327, 0.5037214973339884, 0.4731488052992667, 0.4540590708085385, 0.44294007
38840058, 0.4285272333533512, 0.3461265491073866, 0.31513530236028464, 0.3009044421393605, 0.10849666066131645]\n",
    "\n",
    "sig_arr_240_relaxed = [0.994114967659652, 0.9518629862439646, 0.8969481643436276, 0.6477726154687073, 0.6453675867723421, 0.4984057574929398, 0.466593787009201, 0.44837387264279854, 0.438316479
91254435, 0.4241596064498497, 0.3454313564726246, 0.31427530290607636, 0.2995900519267559, 0.11243509155506969]\n",
    "\n",
    "sig_arr_260_relaxed = [0.9941342563074962, 0.9473358229346935, 0.8954549594680754, 0.6465798342289826, 0.6441388104563257, 0.49922579469897077, 0.46849439839693957, 0.4504781856271063, 0.439967
21012842693, 0.42621368066308407, 0.34853811822570363, 0.31585754622461065, 0.3017032516622643, 0.11817105383003916]"

##########################################################################################################################################################

    "sig_arr_140_strict = [0.9926163551318125, 0.9705729493360097, 0.9389953224968189, 0.6751913116722522, 0.6727898349432786, 0.5166580046237388, 0.4859226867865015, 0.4679832971917059, 0.455940070
6105844, 0.43430885858169505, 0.3245398663058478, 0.30548934568719865, 0.2864388250685496, 0.08335274825713723]\n",
    "\n",
    "sig_arr_160_strict = [0.9931626392212607, 0.9674685571369451, 0.9283696493153643, 0.6675963078251795, 0.6649513287870883, 0.5085736905554457, 0.4786512406211203, 0.4614498803461864, 0.449574464
2567969, 0.43095165266207247, 0.31851305396117097, 0.2951220828760099, 0.27855047951490725, 0.08631268330424456]\n",
    "\n",
    "sig_arr_180_strict = [0.9928202295948559, 0.9635883072310546, 0.9188528147066946, 0.6600063118860705, 0.6576590792536195, 0.5041618998777072, 0.47382539745157604, 0.4553434060515208, 0.44484989
545938697, 0.4272555130379897, 0.3123397372677424, 0.2852775257406604, 0.2709771588622826, 0.0872815495680303]\n",
    "\n",
    "sig_arr_200_strict = [0.9937535284369252, 0.9607182531733168, 0.9120941159330553, 0.6568993462147839, 0.6543861885596692, 0.5063466336435322, 0.4756241918741235, 0.45723079164466135, 0.44537524
357596836, 0.42911256396714687, 0.3143086084755331, 0.2840232376026661, 0.26985485603977344, 0.09049188687148295]\n",
    "\n",
    "sig_arr_220_strict = [0.9939764517479209, 0.9552510418372733, 0.9035504358428418, 0.6542556095430475, 0.6513621226183327, 0.5037214973339884, 0.4731488052992667, 0.4540590708085385, 0.442940073
8840058, 0.4285272333533512, 0.3135156776036833, 0.27932157740532476, 0.2667467380029481, 0.09430219650233844]\n",
    "\n",
    "sig_arr_240_strict = [0.994114967659652, 0.9518629862439646, 0.8969481643436276, 0.6477726154687073, 0.6453675867723421, 0.4984057574929398, 0.466593787009201, 0.44837387264279854, 0.4383164799
1254435, 0.4241596064498497, 0.310777079347727, 0.2755944247062039, 0.26262184567732527, 0.09596428896784186]\n",
    "\n",
    "sig_arr_260_strict = [0.9941342563074962, 0.9473358229346935, 0.8954549594680754, 0.6465798342289826, 0.6441388104563257, 0.49922579469897077, 0.46849439839693957, 0.4504781856271063, 0.4399672
1012842693, 0.42621368066308407, 0.31317970671281536, 0.27674651607614537, 0.26423171509244925, 0.10183076782949266]\n"

